RouteUID,RouteID,HasSubRoutes,Operators,AuthorityID,ProviderID,SubRoutes,BusRouteType,RouteName,DepartureStopNameZh,DepartureStopNameEn,DestinationStopNameZh,DestinationStopNameEn,RouteMapImageUrl,City,CityCode,UpdateTime,VersionID
ILA0011,0011,True,"[{'OperatorID': '45', 'OperatorName': {'Zh_tw': '國光客運', 'En': 'Kuo-Kuang Bus Co., Ltd.'}, 'OperatorCode': 'KuoKuangBus', 'OperatorNo': '1101'}]",021,010,"[{'SubRouteUID': 'ILA001101', 'SubRouteID': '001101', 'OperatorIDs': ['45'], 'SubRouteName': {'Zh_tw': '紅1', 'En': '紅1'}, 'Headsign': '外澳→宜蘭轉運站', 'HeadsignEn': 'Waiao→Yilan Bus Station', 'Direction': 0}, {'SubRouteUID': 'ILA001102', 'SubRouteID': '001102', 'OperatorIDs': ['45'], 'SubRouteName': {'Zh_tw': '紅1', 'En': '紅1'}, 'Headsign': '宜蘭轉運站→外澳', 'HeadsignEn': 'Yilan Bus Station→Waiao', 'Direction': 1}]",11,"{'Zh_tw': '紅1', 'En': '紅1'}",外澳,Wai-ao,宜蘭轉運站,Yilan Bus Station,http://web.taiwanbus.tw/TMSData/Schematic/file/0011.jpg,YilanCounty,ILA,2023-07-13T07:38:39+08:00,1790
ILA0012,0012,True,"[{'OperatorID': '45', 'OperatorName': {'Zh_tw': '國光客運', 'En': 'Kuo-Kuang Bus Co., Ltd.'}, 'OperatorCode': 'KuoKuangBus', 'OperatorNo': '1101'}]",021,010,"[{'SubRouteUID': 'ILA001201', 'SubRouteID': '001201', 'OperatorIDs': ['45'], 'SubRouteName': {'Zh_tw': '紅2', 'En': '紅2'}, 'Headsign': '宜蘭轉運站→南方澳', 'HeadsignEn': 'Yilan Bus Station→Nanfang—ao', 'Direction': 0}, {'SubRouteUID': 'ILA001202', 'SubRouteID': '001202', 'OperatorIDs': ['45'], 'SubRouteName': {'Zh_tw': '紅2', 'En': '紅2'}, 'Headsign': '南方澳→宜蘭轉運站', 'HeadsignEn': 'Nanfang—ao→Yilan Bus Station', 'Direction': 1}]",11,"{'Zh_tw': '紅2', 'En': '紅2'}",宜蘭轉運站,Yilan Bus Station,南方澳,Nanfang&#39;ao,http://web.taiwanbus.tw/TMSData/Schematic/file/0012.jpg,YilanCounty,ILA,2023-07-13T07:38:39+08:00,1790
ILA0013,0013,True,"[{'OperatorID': '45', 'OperatorName': {'Zh_tw': '國光客運', 'En': 'Kuo-Kuang Bus Co., Ltd.'}, 'OperatorCode': 'KuoKuangBus', 'OperatorNo': '1101'}]",021,010,"[{'SubRouteUID': 'ILA001301', 'SubRouteID': '001301', 'OperatorIDs': ['45'], 'SubRouteName': {'Zh_tw': '綠12', 'En': '綠12'}, 'Headsign': '宜蘭轉運站→松羅', 'HeadsignEn': 'Yilan Transfer Station→Songluo', 'Direction': 0}, {'SubRouteUID': 'ILA001302', 'SubRouteID': '001302', 'OperatorIDs': ['45'], 'SubRouteName': {'Zh_tw': '綠12', 'En': '綠12'}, 'Headsign': '松羅→宜蘭轉運站', 'HeadsignEn': 'Songluo→Yilan Transfer Station', 'Direction': 1}]",11,"{'Zh_tw': '綠12', 'En': '綠12'}",宜蘭轉運站,Yilan Bus Station,松羅,Songluo,http://web.taiwanbus.tw/TMSData/Schematic/file/0013.jpg,YilanCounty,ILA,2023-07-13T07:38:39+08:00,1790
ILA0015,0015,True,"[{'OperatorID': '45', 'OperatorName': {'Zh_tw': '國光客運', 'En': 'Kuo-Kuang Bus Co., Ltd.'}, 'OperatorCode': 'KuoKuangBus', 'OperatorNo': '1101'}]",021,010,"[{'SubRouteUID': 'ILA001501', 'SubRouteID': '001501', 'OperatorIDs': ['45'], 'SubRouteName': {'Zh_tw': '綠15', 'En': '綠15'}, 'Headsign': '宜蘭轉運站→大礁溪橋', 'HeadsignEn': 'Yilan Jiaoxi RTS→Dajiaoxi bridge', 'Direction': 0}, {'SubRouteUID': 'ILA001502', 'SubRouteID': '001502', 'OperatorIDs': ['45'], 'SubRouteName': {'Zh_tw': '綠15', 'En': '綠15'}, 'Headsign': '大礁溪橋→宜蘭轉運站', 'HeadsignEn': 'Dajiaoxi bridge→Yilan Jiaoxi RTS', 'Direction': 1}]",11,"{'Zh_tw': '綠15', 'En': '綠15'}",宜蘭轉運站,Yilan Transfer Station,大礁溪橋,Dajiaoxi bridge,http://web.taiwanbus.tw/TMSData/Schematic/file/0015.jpg,YilanCounty,ILA,2023-07-13T07:38:39+08:00,1790
ILA0017,0017,True,"[{'OperatorID': '45', 'OperatorName': {'Zh_tw': '國光客運', 'En': 'Kuo-Kuang Bus Co., Ltd.'}, 'OperatorCode': 'KuoKuangBus', 'OperatorNo': '1101'}]",021,010,"[{'SubRouteUID': 'ILA001701', 'SubRouteID': '001701', 'OperatorIDs': ['45'], 'SubRouteName': {'Zh_tw': '綠17', 'En': '綠17'}, 'Headsign': '羅東轉運站→清水地熱', 'HeadsignEn': 'Luodong Transfer Station→Qingshui Geothermal', 'Direction': 0}, {'SubRouteUID': 'ILA001702', 'SubRouteID': '001702', 'OperatorIDs': ['45'], 'SubRouteName': {'Zh_tw': '綠17', 'En': '綠17'}, 'Headsign': '清水地熱→羅東轉運站', 'HeadsignEn': 'Qingshui Geothermal → Luodong Transfer Station', 'Direction': 1}]",11,"{'Zh_tw': '綠17', 'En': '綠17'}",羅東轉運站,Luodong Bus Station,清水地熱,Qingshui Geothermal,http://web.taiwanbus.tw/TMSData/Schematic/file/0017.jpg,YilanCounty,ILA,2023-07-13T07:38:39+08:00,1790
ILA0018,0018,True,"[{'OperatorID': '45', 'OperatorName': {'Zh_tw': '國光客運', 'En': 'Kuo-Kuang Bus Co., Ltd.'}, 'OperatorCode': 'KuoKuangBus', 'OperatorNo': '1101'}]",021,010,"[{'SubRouteUID': 'ILA001801', 'SubRouteID': '001801', 'OperatorIDs': ['45'], 'SubRouteName': {'Zh_tw': '綠18', 'En': '綠18'}, 'Headsign': '宜蘭轉運站→頭城火車站', 'HeadsignEn': 'Yilan Transfer Station→Toucheng Station', 'Direction': 0}, {'SubRouteUID': 'ILA001802', 'SubRouteID': '001802', 'OperatorIDs': ['45'], 'SubRouteName': {'Zh_tw': '綠18', 'En': '綠18'}, 'Headsign': '頭城火車站→宜蘭轉運站', 'HeadsignEn': 'Toucheng Station→Yilan Transfer Station', 'Direction': 1}]",11,"{'Zh_tw': '綠18', 'En': '綠18'}",宜蘭轉運站,Yilan Bus Station,頭城火車站(舊頭城鎮公所),Toucheng Train Station,http://web.taiwanbus.tw/TMSData/Schematic/file/0018.jpg,YilanCounty,ILA,2023-07-13T07:38:39+08:00,1790
ILA0025,0025,True,"[{'OperatorID': '45', 'OperatorName': {'Zh_tw': '國光客運', 'En': 'Kuo-Kuang Bus Co., Ltd.'}, 'OperatorCode': 'KuoKuangBus', 'OperatorNo': '1101'}]",021,010,"[{'SubRouteUID': 'ILA002501', 'SubRouteID': '002501', 'OperatorIDs': ['45'], 'SubRouteName': {'Zh_tw': '綠25', 'En': '綠25'}, 'Headsign': '羅東轉運站→梅花湖', 'HeadsignEn': 'Luodong Bus Station→Meihua Lake', 'Direction': 0}, {'SubRouteUID': 'ILA002502', 'SubRouteID': '002502', 'OperatorIDs': ['45'], 'SubRouteName': {'Zh_tw': '綠25', 'En': '綠25'}, 'Headsign': '梅花湖→羅東轉運站', 'HeadsignEn': 'Meihua Lake→Luodong Bus Station', 'Direction': 1}]",11,"{'Zh_tw': '綠25', 'En': '綠25'}",羅東轉運站,Luodong Bus Station,梅花湖,Meihua Lake,http://web.taiwanbus.tw/TMSData/Schematic/file/0025.jpg,YilanCounty,ILA,2023-07-13T07:38:39+08:00,1790
ILA0028,0028,False,"[{'OperatorID': '45', 'OperatorName': {'Zh_tw': '國光客運', 'En': 'Kuo-Kuang Bus Co., Ltd.'}, 'OperatorCode': 'KuoKuangBus', 'OperatorNo': '1101'}]",021,010,"[{'SubRouteUID': 'ILA002801', 'SubRouteID': '002801', 'OperatorIDs': ['45'], 'SubRouteName': {'Zh_tw': '綠28', 'En': '綠28'}, 'Headsign': '蘇澳新站→豆腐岬風景區(南方澳環線)', 'HeadsignEn': 'TRA Su—aoxin Station→Tofu Cape (Nanfang—ao Loop Line)', 'Direction': 0}]",11,"{'Zh_tw': '綠28', 'En': '綠28'}",蘇澳新站,Su&#39;aoxin Train Station,蘇澳新站,Su&#39;aoxin Train Station,http://web.taiwanbus.tw/TMSData/Schematic/file/0028.jpg,YilanCounty,ILA,2023-07-13T07:38:39+08:00,1790
ILA0111,0111,True,"[{'OperatorID': '35', 'OperatorName': {'Zh_tw': '葛瑪蘭客運', 'En': 'Kamalan Bus Co., Ltd.'}, 'OperatorCode': 'KamalanBus', 'OperatorNo': '1308'}]",021,010,"[{'SubRouteUID': 'ILA0111A1', 'SubRouteID': '0111A1', 'OperatorIDs': ['35'], 'SubRouteName': {'Zh_tw': '綠11AA', 'En': '綠11AA'}, 'Headsign': '礁溪火車站→佛光大學雲起樓[台灣好行礁溪線]經五峰旗風景區往佛光大學', 'HeadsignEn': 'Jiaoxi Train Station→Fo Guang University Yunqi Lou[The Taiwan Tourist Shuttle service—Jiaoxi Route]', 'Direction': 0}, {'SubRouteUID': 'ILA0111A2', 'SubRouteID': '0111A2', 'OperatorIDs': ['35'], 'SubRouteName': {'Zh_tw': '綠11AA', 'En': '綠11AA'}, 'Headsign': '佛光大學雲起樓→礁溪火車站[台灣好行礁溪線]經五峰旗風景區往佛光大學', 'HeadsignEn': 'Fo Guang University Yunqi Lou→ Jiaoxi Train Station[The Taiwan Tourist Shuttle service—Jiaoxi Route]', 'Direction': 1}, {'SubRouteUID': 'ILA0111B1', 'SubRouteID': '0111B1', 'OperatorIDs': ['35'], 'SubRouteName': {'Zh_tw': '綠11BB', 'En': '綠11BB'}, 'Headsign': '礁溪火車站→淡江大學蘭陽站', 'HeadsignEn': 'Jiaoxi Train Station→Tamkang University Lan—Yang Station', 'Direction': 0}, {'SubRouteUID': 'ILA0111B2', 'SubRouteID': '0111B2', 'OperatorIDs': ['35'], 'SubRouteName': {'Zh_tw': '綠11BB', 'En': '綠11BB'}, 'Headsign': '淡江大學蘭陽站→礁溪火車站', 'HeadsignEn': 'Lan—Yang Station→Jiaoxi Train Station→Tamkang University', 'Direction': 1}]",11,"{'Zh_tw': '綠11B', 'En': '綠11B'}",礁溪火車站,Jiaoxi Train Station,淡江大學蘭陽站,Tamkang University  Lanyang Station,http://web.taiwanbus.tw/TMSData/Schematic/file/0111.jpg,YilanCounty,ILA,2023-07-13T07:38:39+08:00,1790
ILA0112,0112,True,"[{'OperatorID': '35', 'OperatorName': {'Zh_tw': '葛瑪蘭客運', 'En': 'Kamalan Bus Co., Ltd.'}, 'OperatorCode': 'KamalanBus', 'OperatorNo': '1308'}, {'OperatorID': '39', 'OperatorName': {'Zh_tw': '首都客運', 'En': 'Capital Bus Co., Ltd.'}, 'OperatorCode': 'CapitalBus', 'OperatorNo': '0913'}]",021,010,"[{'SubRouteUID': 'ILA011201', 'SubRouteID': '011201', 'OperatorIDs': ['35', '39'], 'SubRouteName': {'Zh_tw': '112', 'En': '112'}, 'Headsign': '礁溪轉運站→礁溪火車站(單循環)', 'HeadsignEn': 'Jiaoxi Train Station→Jiaoxi Train Station', 'Direction': 0}, {'SubRouteUID': 'ILA0112A1', 'SubRouteID': '0112A1', 'OperatorIDs': ['35'], 'SubRouteName': {'Zh_tw': '112A', 'En': '112A'}, 'Headsign': '礁溪轉運站→礁溪火車站(單循環)[經五峰旗風景區]', 'HeadsignEn': 'Jiaoxi Train Station→Jiaoxi Train Station(Via Wufengqi Designated Scenic Area)', 'Direction': 0}]",11,"{'Zh_tw': '112', 'En': '112'}",礁溪轉運站,Jiaoxi Transfer Station,礁溪轉運站,Jiaoxi Transfer Station,http://web.taiwanbus.tw/TMSData/Schematic/file/0112.jpg,YilanCounty,ILA,2023-07-13T07:38:39+08:00,1790
ILA0114,0114,True,"[{'OperatorID': '35', 'OperatorName': {'Zh_tw': '葛瑪蘭客運', 'En': 'Kamalan Bus Co., Ltd.'}, 'OperatorCode': 'KamalanBus', 'OperatorNo': '1308'}]",021,010,"[{'SubRouteUID': 'ILA011401', 'SubRouteID': '011401', 'OperatorIDs': ['35'], 'SubRouteName': {'Zh_tw': '113', 'En': '113'}, 'Headsign': '礁溪轉運站→塭底路', 'HeadsignEn': 'Jiaoxi Transfer Station→Wendi Rd.', 'Direction': 0}, {'SubRouteUID': 'ILA011402', 'SubRouteID': '011402', 'OperatorIDs': ['35'], 'SubRouteName': {'Zh_tw': '113', 'En': '113'}, 'Headsign': '塭底路→礁溪轉運站', 'HeadsignEn': 'Wendi Rd.→Jiaoxi Transfer Station', 'Direction': 1}]",11,"{'Zh_tw': '113', 'En': '113'}",礁溪轉運站,Jiaoxi Transfer Station,塭底路,Wendi Rd.,http://web.taiwanbus.tw/TMSData/Schematic/file/0114.jpg,YilanCounty,ILA,2023-07-13T07:38:39+08:00,1790
ILA0116,0116,True,"[{'OperatorID': '93', 'OperatorName': {'Zh_tw': '皇冠大車隊'}}]",021,010,"[{'SubRouteUID': 'ILA011601', 'SubRouteID': '011601', 'OperatorIDs': ['93'], 'SubRouteName': {'Zh_tw': '黃1', 'En': '黃1'}, 'Headsign': '宜蘭轉運站→大礁溪橋', 'HeadsignEn': 'Yilan Transfer Station→Dajiaoxi Bridge', 'Direction': 0}, {'SubRouteUID': 'ILA011602', 'SubRouteID': '011602', 'OperatorIDs': ['93'], 'SubRouteName': {'Zh_tw': '黃1', 'En': '黃1'}, 'Headsign': '大礁溪橋→宜蘭轉運站', 'HeadsignEn': 'Dajiaoxi Bridge→Yilan Transfer Station', 'Direction': 1}]",11,"{'Zh_tw': '黃1', 'En': '黃1'}",宜蘭轉運站,Yilan Transfer Station,大礁溪橋,Dajiaoxi Bridge,http://web.taiwanbus.tw/TMSData/Schematic/file/0116.jpg,YilanCounty,ILA,2023-07-13T07:38:39+08:00,1790
ILA0131,0131,True,"[{'OperatorID': '35', 'OperatorName': {'Zh_tw': '葛瑪蘭客運', 'En': 'Kamalan Bus Co., Ltd.'}, 'OperatorCode': 'KamalanBus', 'OperatorNo': '1308'}]",021,010,"[{'SubRouteUID': 'ILA013101', 'SubRouteID': '013101', 'OperatorIDs': ['35'], 'SubRouteName': {'Zh_tw': '131', 'En': '131'}, 'Headsign': '礁溪火車站→石城', 'HeadsignEn': 'Jiaoxi Station(TRA)→Shicheng', 'Direction': 0}, {'SubRouteUID': 'ILA013102', 'SubRouteID': '013102', 'OperatorIDs': ['35'], 'SubRouteName': {'Zh_tw': '131', 'En': '131'}, 'Headsign': '石城→礁溪火車站', 'HeadsignEn': 'Shicheng→Jiaoxi Station(TRA)', 'Direction': 1}]",11,"{'Zh_tw': '131', 'En': '131'}",礁溪火車站,Jiaoxi Train Station,石城服務區,Shicheng Service Area,http://web.taiwanbus.tw/TMSData/Schematic/file/0131.jpg,YilanCounty,ILA,2023-07-13T07:38:39+08:00,1790
ILA0191,0191,True,"[{'OperatorID': '35', 'OperatorName': {'Zh_tw': '葛瑪蘭客運', 'En': 'Kamalan Bus Co., Ltd.'}, 'OperatorCode': 'KamalanBus', 'OperatorNo': '1308'}]",021,010,"[{'SubRouteUID': 'ILA019101', 'SubRouteID': '019101', 'OperatorIDs': ['35'], 'SubRouteName': {'Zh_tw': '191', 'En': '191'}, 'Headsign': '礁溪轉運站→竹安國小', 'HeadsignEn': 'Jiaoxi Transfer Station － Jhu An Elementary School', 'Direction': 0}, {'SubRouteUID': 'ILA019102', 'SubRouteID': '019102', 'OperatorIDs': ['35'], 'SubRouteName': {'Zh_tw': '191', 'En': '191'}, 'Headsign': '竹安國小→礁溪轉運站', 'HeadsignEn': 'Jhu An Elementary School－Jiaoxi Transfer Station', 'Direction': 1}]",11,"{'Zh_tw': '191', 'En': '191'}",礁溪轉運站,Jiaoxi Transfer Station,竹安國小,Jhu An Elementary School,http://web.taiwanbus.tw/TMSData/Schematic/file/0191.jpg,YilanCounty,ILA,2023-07-13T07:38:39+08:00,1790
ILA0241,0241,True,"[{'OperatorID': '39', 'OperatorName': {'Zh_tw': '首都客運', 'En': 'Capital Bus Co., Ltd.'}, 'OperatorCode': 'CapitalBus', 'OperatorNo': '0913'}]",021,010,"[{'SubRouteUID': 'ILA024101', 'SubRouteID': '024101', 'OperatorIDs': ['39'], 'SubRouteName': {'Zh_tw': '241', 'En': '241'}, 'Headsign': '羅東→蘇澳新站', 'HeadsignEn': 'Luodong→Suaoxin Train Station', 'Direction': 0}, {'SubRouteUID': 'ILA024102', 'SubRouteID': '024102', 'OperatorIDs': ['39'], 'SubRouteName': {'Zh_tw': '241', 'En': '241'}, 'Headsign': '蘇澳新站→羅東', 'HeadsignEn': 'Suaoxin Train Station→Luodong', 'Direction': 1}]",11,"{'Zh_tw': '241', 'En': '241'}",羅東後火車站(羅東轉運站),Luodong Back Railway Station (Luodong Bus Station),蘇澳新站,Suaoxin Train Station,http://web.taiwanbus.tw/TMSData/Schematic/file/0241.jpg,YilanCounty,ILA,2023-07-13T07:38:39+08:00,1790
ILA0243,0243,True,"[{'OperatorID': '35', 'OperatorName': {'Zh_tw': '葛瑪蘭客運', 'En': 'Kamalan Bus Co., Ltd.'}, 'OperatorCode': 'KamalanBus', 'OperatorNo': '1308'}]",021,010,"[{'SubRouteUID': 'ILA024301', 'SubRouteID': '024301', 'OperatorIDs': ['35'], 'SubRouteName': {'Zh_tw': '243', 'En': '243'}, 'Headsign': '羅東轉運站→蘇澳轉運站', 'HeadsignEn': 'Luodong Bus Station→Suao Transfer Station', 'Direction': 0}, {'SubRouteUID': 'ILA024302', 'SubRouteID': '024302', 'OperatorIDs': ['35'], 'SubRouteName': {'Zh_tw': '243', 'En': '243'}, 'Headsign': '蘇澳轉運站→羅東轉運站', 'HeadsignEn': 'Suao Transfer Station→Luodong Bus Station', 'Direction': 1}, {'SubRouteUID': 'ILA0243A1', 'SubRouteID': '0243A1', 'OperatorIDs': ['35'], 'SubRouteName': {'Zh_tw': '243A', 'En': '243A'}, 'Headsign': '羅東轉運站→蘇澳轉運站[延駛羅東高工]', 'HeadsignEn': 'Luodong Bus Station→Suao Transfer Station [Extended National LoTung Industrial Vocational High School]', 'Direction': 0}, {'SubRouteUID': 'ILA0243A2', 'SubRouteID': '0243A2', 'OperatorIDs': ['35'], 'SubRouteName': {'Zh_tw': '243A', 'En': '243A'}, 'Headsign': '蘇澳轉運站→羅東轉運站[延駛羅東高工]', 'HeadsignEn': 'Suao Transfer Station→Luodong Bus Station [Extended National LoTung Industrial Vocational High School]', 'Direction': 1}]",11,"{'Zh_tw': '243', 'En': '243'}",羅東轉運站,Luodong Bus Station,蘇澳轉運站,Su'ao Station,http://web.taiwanbus.tw/TMSData/Schematic/file/0243.jpg,YilanCounty,ILA,2023-07-13T07:38:39+08:00,1790
ILA0260,0260,True,"[{'OperatorID': '39', 'OperatorName': {'Zh_tw': '首都客運', 'En': 'Capital Bus Co., Ltd.'}, 'OperatorCode': 'CapitalBus', 'OperatorNo': '0913'}]",021,010,"[{'SubRouteUID': 'ILA026001', 'SubRouteID': '026001', 'OperatorIDs': ['39'], 'SubRouteName': {'Zh_tw': '綠21', 'En': '綠21'}, 'Headsign': '羅東運動公園→傳統藝術中心[臺灣好行冬山河線]', 'HeadsignEn': 'Luodong Sports Park→National Center for Tranditional Arts[The Taiwan Tourist Shuttle service—Dongshan River Route]', 'Direction': 0}, {'SubRouteUID': 'ILA026002', 'SubRouteID': '026002', 'OperatorIDs': ['39'], 'SubRouteName': {'Zh_tw': '綠21', 'En': '綠21'}, 'Headsign': '傳統藝術中心→羅東運動公園[臺灣好行冬山河線]', 'HeadsignEn': 'National Center for Tranditional Arts→Luodong Sports Park[The Taiwan Tourist Shuttle service—Dongshan River Route]', 'Direction': 1}, {'SubRouteUID': 'ILA0260A1', 'SubRouteID': '0260A1', 'OperatorIDs': ['39'], 'SubRouteName': {'Zh_tw': '綠21A', 'En': '綠21A'}, 'Headsign': '羅東後火車站→傳統藝術中心', 'HeadsignEn': 'TRA Luodong Rear Station→National Center for Tranditional Arts', 'Direction': 0}, {'SubRouteUID': 'ILA0260A2', 'SubRouteID': '0260A2', 'OperatorIDs': ['39'], 'SubRouteName': {'Zh_tw': '綠21A', 'En': '綠21A'}, 'Headsign': '傳統藝術中心→羅東後火車站', 'HeadsignEn': 'National Center for Tranditional Arts→TRA Luodong Rear Station', 'Direction': 1}, {'SubRouteUID': 'ILA0260B1', 'SubRouteID': '0260B1', 'OperatorIDs': ['39'], 'SubRouteName': {'Zh_tw': '綠21B', 'En': '綠21B'}, 'Headsign': '羅東運動公園→羅東後火車站', 'HeadsignEn': 'Luodong Sports Park→TRA Luodong Rear Station', 'Direction': 0}, {'SubRouteUID': 'ILA0260B2', 'SubRouteID': '0260B2', 'OperatorIDs': ['39'], 'SubRouteName': {'Zh_tw': '綠21B', 'En': '綠21B'}, 'Headsign': '羅東後火車站→羅東運動公園', 'HeadsignEn': 'TRA Luodong Rear Station→Luodong Sports Park', 'Direction': 1}]",11,"{'Zh_tw': '綠21', 'En': '綠21'}",羅東運動公園,Luodong Sports Park,國立傳統藝術中心,National Center for Tranditional Arts,http://web.taiwanbus.tw/TMSData/Schematic/file/0260.jpg,YilanCounty,ILA,2023-07-13T07:38:39+08:00,1790
ILA0281,0281,True,"[{'OperatorID': '39', 'OperatorName': {'Zh_tw': '首都客運', 'En': 'Capital Bus Co., Ltd.'}, 'OperatorCode': 'CapitalBus', 'OperatorNo': '0913'}]",021,010,"[{'SubRouteUID': 'ILA028101', 'SubRouteID': '028101', 'OperatorIDs': ['39'], 'SubRouteName': {'Zh_tw': '281', 'En': '281'}, 'Headsign': '羅東→仁山植物園', 'HeadsignEn': 'Luodong→Renshan Botanical Garden', 'Direction': 0}, {'SubRouteUID': 'ILA028102', 'SubRouteID': '028102', 'OperatorIDs': ['39'], 'SubRouteName': {'Zh_tw': '281', 'En': '281'}, 'Headsign': '仁山植物園→羅東', 'HeadsignEn': 'Renshan Botanical Garden→Luodong', 'Direction': 1}, {'SubRouteUID': 'ILA0281A1', 'SubRouteID': '0281A1', 'OperatorIDs': ['39'], 'SubRouteName': {'Zh_tw': '281A', 'En': '281A'}, 'Headsign': '羅東→羅東高工[區間車]', 'HeadsignEn': 'Luodong→Luodong Industrial High School[Local Train]', 'Direction': 0}, {'SubRouteUID': 'ILA0281A2', 'SubRouteID': '0281A2', 'OperatorIDs': ['39'], 'SubRouteName': {'Zh_tw': '281A', 'En': '281A'}, 'Headsign': '羅東高工→羅東[區間車]', 'HeadsignEn': 'Luodong Industrial High School→Luodong[Local Train]', 'Direction': 1}]",11,"{'Zh_tw': '281', 'En': '281'}",羅東後火車站(羅東轉運站),Luodong Back Railway Station (Luodong Bus Station),仁山植物園,Renshan Botanical Garden,http://web.taiwanbus.tw/TMSData/Schematic/file/0281.jpg,YilanCounty,ILA,2023-07-13T07:38:39+08:00,1790
ILA0312,0312,True,"[{'OperatorID': '45', 'OperatorName': {'Zh_tw': '國光客運', 'En': 'Kuo-Kuang Bus Co., Ltd.'}, 'OperatorCode': 'KuoKuangBus', 'OperatorNo': '1101'}]",021,010,"[{'SubRouteUID': 'ILA031201', 'SubRouteID': '031201', 'OperatorIDs': ['45'], 'SubRouteName': {'Zh_tw': '1743', 'En': '1743'}, 'Headsign': '宜蘭→松羅', 'HeadsignEn': 'Yilan→Songluo', 'Direction': 0}, {'SubRouteUID': 'ILA031202', 'SubRouteID': '031202', 'OperatorIDs': ['45'], 'SubRouteName': {'Zh_tw': '1743', 'En': '1743'}, 'Headsign': '松羅→宜蘭', 'HeadsignEn': 'Songluo→Yilan', 'Direction': 1}, {'SubRouteUID': 'ILA0312A2', 'SubRouteID': '0312A2', 'OperatorIDs': ['45'], 'SubRouteName': {'Zh_tw': '1743A', 'En': '1743A'}, 'Headsign': '松羅→宜蘭[經內城國中小]', 'HeadsignEn': 'Songluo→Yilan(Via Neicheng Elementary and Junior High Schoo)', 'Direction': 1}]",11,"{'Zh_tw': '1743', 'En': '1743'}",宜蘭轉運站,Yilan Transfer Station,松羅,Songluo,http://web.taiwanbus.tw/TMSData/Schematic/file/0312.jpg,YilanCounty,ILA,2023-07-13T07:38:39+08:00,1790
ILA0313,0313,True,"[{'OperatorID': '45', 'OperatorName': {'Zh_tw': '國光客運', 'En': 'Kuo-Kuang Bus Co., Ltd.'}, 'OperatorCode': 'KuoKuangBus', 'OperatorNo': '1101'}]",021,010,"[{'SubRouteUID': 'ILA031301', 'SubRouteID': '031301', 'OperatorIDs': ['45'], 'SubRouteName': {'Zh_tw': '1744', 'En': '1744'}, 'Headsign': '宜蘭→南山村', 'HeadsignEn': 'Yilan→Nanshan Village', 'Direction': 0}, {'SubRouteUID': 'ILA031302', 'SubRouteID': '031302', 'OperatorIDs': ['45'], 'SubRouteName': {'Zh_tw': '1744', 'En': '1744'}, 'Headsign': '南山村→宜蘭', 'HeadsignEn': 'Nanshan Villag→Yilane', 'Direction': 1}]",11,"{'Zh_tw': '1744', 'En': '1744'}",宜蘭轉運站,Yilan Transfer Station,南山村,Nanshan Village,http://web.taiwanbus.tw/TMSData/Schematic/file/0313.jpg,YilanCounty,ILA,2023-07-13T07:38:39+08:00,1790
ILA0314,0314,True,"[{'OperatorID': '45', 'OperatorName': {'Zh_tw': '國光客運', 'En': 'Kuo-Kuang Bus Co., Ltd.'}, 'OperatorCode': 'KuoKuangBus', 'OperatorNo': '1101'}]",021,010,"[{'SubRouteUID': 'ILA031401', 'SubRouteID': '031401', 'OperatorIDs': ['45'], 'SubRouteName': {'Zh_tw': '1745', 'En': '1745'}, 'Headsign': '宜蘭→羅東→南山村', 'HeadsignEn': 'Yilan→Luodong→Nanshan Village', 'Direction': 0}, {'SubRouteUID': 'ILA031402', 'SubRouteID': '031402', 'OperatorIDs': ['45'], 'SubRouteName': {'Zh_tw': '1745', 'En': '1745'}, 'Headsign': '南山村→羅東→宜蘭', 'HeadsignEn': 'Nanshan Village→Luodong→Yilan', 'Direction': 1}]",11,"{'Zh_tw': '1745', 'En': '1745'}",宜蘭轉運站,Yilan Transfer Station,南山村,Nanshan Village,http://web.taiwanbus.tw/TMSData/Schematic/file/0314.jpg,YilanCounty,ILA,2023-07-13T07:38:39+08:00,1790
ILA0315,0315,True,"[{'OperatorID': '45', 'OperatorName': {'Zh_tw': '國光客運', 'En': 'Kuo-Kuang Bus Co., Ltd.'}, 'OperatorCode': 'KuoKuangBus', 'OperatorNo': '1101'}]",021,010,"[{'SubRouteUID': 'ILA031501', 'SubRouteID': '031501', 'OperatorIDs': ['45'], 'SubRouteName': {'Zh_tw': '1750', 'En': '1750'}, 'Headsign': '宜蘭→太平山', 'HeadsignEn': 'Yilan→Taipingshan', 'Direction': 0}, {'SubRouteUID': 'ILA031502', 'SubRouteID': '031502', 'OperatorIDs': ['45'], 'SubRouteName': {'Zh_tw': '1750', 'En': '1750'}, 'Headsign': '太平山→宜蘭', 'HeadsignEn': 'Taipingshan→Yilan', 'Direction': 1}, {'SubRouteUID': 'ILA0315A1', 'SubRouteID': '0315A1', 'OperatorIDs': ['45'], 'SubRouteName': {'Zh_tw': '1750A', 'En': '1750A'}, 'Headsign': '宜蘭→太平山[平日專車]', 'HeadsignEn': 'Yilan→Taipingshan(Charter Bus)', 'Direction': 0}, {'SubRouteUID': 'ILA0315A2', 'SubRouteID': '0315A2', 'OperatorIDs': ['45'], 'SubRouteName': {'Zh_tw': '1750A', 'En': '1750A'}, 'Headsign': '太平山→宜蘭[平日專車]', 'HeadsignEn': 'Taipingshan→Yilan(Charter Bus)', 'Direction': 1}]",11,"{'Zh_tw': '1750', 'En': '1750'}",宜蘭轉運站,Yilan Transfer Station,太平山,Taipingshan,http://web.taiwanbus.tw/TMSData/Schematic/file/0315.jpg,YilanCounty,ILA,2023-07-13T07:38:39+08:00,1790
ILA0320,0320,True,"[{'OperatorID': '116', 'OperatorName': {'Zh_tw': '蘇澳鎮公所'}}]",021,010,"[{'SubRouteUID': 'ILA032001', 'SubRouteID': '032001', 'OperatorIDs': ['116'], 'SubRouteName': {'Zh_tw': '蘇澳線（綠線）', 'En': '蘇澳線（綠線）'}, 'Headsign': '蘇澳線(綠線)(蘇澳鎮公所→龍德活動中心)', 'HeadsignEn': 'Green line(Suao Township Office→Long De Activity Center)', 'Direction': 0}, {'SubRouteUID': 'ILA032002', 'SubRouteID': '032002', 'OperatorIDs': ['116'], 'SubRouteName': {'Zh_tw': '蘇澳線（綠線）', 'En': '蘇澳線（綠線）'}, 'Headsign': '蘇澳線(綠線)(龍德活動中心→蘇澳鎮公所)', 'HeadsignEn': 'Green line(Long De Activity Center→ Suao Township Office)', 'Direction': 1}]",11,"{'Zh_tw': '蘇澳線（綠線）', 'En': '蘇澳線（綠線）'}",蘇澳鎮公所,Su Ao Jhen Gong Suo,龍德活動中心,Long De Huo Dong Jhong Sin,http://web.taiwanbus.tw/TMSData/Schematic/file/0320.jpg,YilanCounty,ILA,2023-07-13T07:38:39+08:00,1790
ILA0321,0321,True,"[{'OperatorID': '116', 'OperatorName': {'Zh_tw': '蘇澳鎮公所'}}]",021,010,"[{'SubRouteUID': 'ILA032101', 'SubRouteID': '032101', 'OperatorIDs': ['116'], 'SubRouteName': {'Zh_tw': '藍線', 'En': '藍線'}, 'Headsign': '南方澳線（藍線）蘇澳鎮公所→奉尊宮', 'HeadsignEn': 'Nanfang—ao line (Bule line)', 'Direction': 0}, {'SubRouteUID': 'ILA032102', 'SubRouteID': '032102', 'OperatorIDs': ['116'], 'SubRouteName': {'Zh_tw': '藍線', 'En': '藍線'}, 'Headsign': '南方澳線（藍線）奉尊宮→蘇澳鎮公所', 'HeadsignEn': 'Nanfang—ao line (Bule line)', 'Direction': 1}]",11,"{'Zh_tw': '藍線', 'En': '藍線'}",蘇澳鎮公所,Su Ao Jhen Gong Suo,奉尊宮,Fengzun Temple,http://web.taiwanbus.tw/TMSData/Schematic/file/0321.jpg,YilanCounty,ILA,2023-07-13T07:38:39+08:00,1790
ILA0322,0322,True,"[{'OperatorID': '116', 'OperatorName': {'Zh_tw': '蘇澳鎮公所'}}]",021,010,"[{'SubRouteUID': 'ILA032201', 'SubRouteID': '032201', 'OperatorIDs': ['116'], 'SubRouteName': {'Zh_tw': '東澳線（紫線）', 'En': '東澳線（紫線）'}, 'Headsign': '東澳線（紫線）新馬站→東澳粉鳥林', 'HeadsignEn': ""Dong'ao line (Purple line)"", 'Direction': 0}, {'SubRouteUID': 'ILA032202', 'SubRouteID': '032202', 'OperatorIDs': ['116'], 'SubRouteName': {'Zh_tw': '東澳線（紫線）', 'En': '東澳線（紫線）'}, 'Headsign': '東澳線（紫線）東澳粉鳥林→新馬站', 'HeadsignEn': ""Dong'ao line (Purple line)"", 'Direction': 1}, {'SubRouteUID': 'ILA0322A1', 'SubRouteID': '0322A1', 'OperatorIDs': ['116'], 'SubRouteName': {'Zh_tw': '東澳線（紫線）A', 'En': '東澳線（紫線）A'}, 'Headsign': '東澳線（紫線）新馬站→東澳粉鳥林', 'HeadsignEn': ""Dong'ao line (Purple line)"", 'Direction': 0}, {'SubRouteUID': 'ILA0322A2', 'SubRouteID': '0322A2', 'OperatorIDs': ['116'], 'SubRouteName': {'Zh_tw': '東澳線（紫線）A', 'En': '東澳線（紫線）A'}, 'Headsign': '東澳線（紫線）東澳粉鳥林→新馬站', 'HeadsignEn': ""Dong'ao line (Purple line)"", 'Direction': 1}]",11,"{'Zh_tw': '東澳線（紫線）', 'En': '東澳線（紫線）'}",新馬站,Xinma Station,東澳粉鳥林,Pink Bird Forest,http://web.taiwanbus.tw/TMSData/Schematic/file/0322.jpg,YilanCounty,ILA,2023-07-13T07:38:39+08:00,1790
ILA0333,0333,True,"[{'OperatorID': '45', 'OperatorName': {'Zh_tw': '國光客運', 'En': 'Kuo-Kuang Bus Co., Ltd.'}, 'OperatorCode': 'KuoKuangBus', 'OperatorNo': '1101'}]",021,010,"[{'SubRouteUID': 'ILA033301', 'SubRouteID': '033301', 'OperatorIDs': ['45'], 'SubRouteName': {'Zh_tw': '學50', 'En': '學50'}, 'Headsign': '頭城→經宜蘭高中→蘭陽女中', 'HeadsignEn': 'Toucheng Station→National Yilan Senior High School→Lan Yang Girls’ Senior High School', 'Direction': 0}, {'SubRouteUID': 'ILA033302', 'SubRouteID': '033302', 'OperatorIDs': ['45'], 'SubRouteName': {'Zh_tw': '學50', 'En': '學50'}, 'Headsign': '蘭陽女中→經宜蘭高中→頭城', 'HeadsignEn': 'Lan Yang Girls’ Senior High School→National Yilan Senior High School→Toucheng Station', 'Direction': 1}]",11,"{'Zh_tw': '學50', 'En': '學50'}",頭城站,Toucheng Station,蘭陽女中,Lan Yang Girls&#39; Senior High School,http://web.taiwanbus.tw/TMSData/Schematic/file/0333.jpg,YilanCounty,ILA,2023-07-13T07:38:39+08:00,1790
ILA0334,0334,True,"[{'OperatorID': '45', 'OperatorName': {'Zh_tw': '國光客運', 'En': 'Kuo-Kuang Bus Co., Ltd.'}, 'OperatorCode': 'KuoKuangBus', 'OperatorNo': '1101'}]",021,010,"[{'SubRouteUID': 'ILA033401', 'SubRouteID': '033401', 'OperatorIDs': ['45'], 'SubRouteName': {'Zh_tw': '學51', 'En': '學51'}, 'Headsign': '羅東轉運站→經蘭陽女中→宜蘭高中', 'HeadsignEn': 'Luodong Bus Station→Lan Yang Girls’ Senior High School→National Yilan Senior High School', 'Direction': 0}, {'SubRouteUID': 'ILA033402', 'SubRouteID': '033402', 'OperatorIDs': ['45'], 'SubRouteName': {'Zh_tw': '學51', 'En': '學51'}, 'Headsign': '宜蘭高中→經蘭陽女中→羅東轉運站', 'HeadsignEn': 'National Yilan Senior High School→Lan Yang Girls’ Senior High School→Luodong Bus Station', 'Direction': 1}, {'SubRouteUID': 'ILA0334A1', 'SubRouteID': '0334A1', 'OperatorIDs': ['45'], 'SubRouteName': {'Zh_tw': '學51A', 'En': '學51A'}, 'Headsign': '羅東轉運站→蘭陽女中', 'HeadsignEn': 'Luodong Bus Station→Lan Yang Girls’ Senior High School', 'Direction': 0}, {'SubRouteUID': 'ILA0334A2', 'SubRouteID': '0334A2', 'OperatorIDs': ['45'], 'SubRouteName': {'Zh_tw': '學51A', 'En': '學51A'}, 'Headsign': '蘭陽女中→羅東轉運站', 'HeadsignEn': 'Lan Yang Girls’ Senior High School→Luodong Bus Station', 'Direction': 1}]",11,"{'Zh_tw': '學51', 'En': '學51'}",羅東轉運站,Luodong Bus Station,宜蘭高中,Yilan Senior High School,http://web.taiwanbus.tw/TMSData/Schematic/file/0334.jpg,YilanCounty,ILA,2023-07-13T07:38:39+08:00,1790
ILA0335,0335,True,"[{'OperatorID': '45', 'OperatorName': {'Zh_tw': '國光客運', 'En': 'Kuo-Kuang Bus Co., Ltd.'}, 'OperatorCode': 'KuoKuangBus', 'OperatorNo': '1101'}]",021,010,"[{'SubRouteUID': 'ILA033501', 'SubRouteID': '033501', 'OperatorIDs': ['45'], 'SubRouteName': {'Zh_tw': '學52', 'En': '學52'}, 'Headsign': '南方澳→經蘭陽女中→宜蘭高中', 'HeadsignEn': 'Nanfang—ao→Via National Lan—Yang Girls Senior High School→Yilan Senior High School', 'Direction': 0}, {'SubRouteUID': 'ILA033502', 'SubRouteID': '033502', 'OperatorIDs': ['45'], 'SubRouteName': {'Zh_tw': '學52', 'En': '學52'}, 'Headsign': '宜蘭高中→經蘭陽女中→南方澳', 'HeadsignEn': 'Yilan Senior High School→Lan—Yang Girls Senior High School→Nanfang—ao', 'Direction': 1}, {'SubRouteUID': 'ILA0335A2', 'SubRouteID': '0335A2', 'OperatorIDs': ['45'], 'SubRouteName': {'Zh_tw': '學52A', 'En': '學52A'}, 'Headsign': '蘭陽女中→南方澳', 'HeadsignEn': ""Lan—Yang Girls' Senior High School→Nanfang—ao"", 'Direction': 1}]",11,"{'Zh_tw': '學52', 'En': '學52'}",南方澳,Nanfang&#39;ao,宜蘭高中,Yilan Senior High School,http://web.taiwanbus.tw/TMSData/Schematic/file/0335.jpg,YilanCounty,ILA,2023-07-13T07:38:39+08:00,1790
ILA0336,0336,True,"[{'OperatorID': '45', 'OperatorName': {'Zh_tw': '國光客運', 'En': 'Kuo-Kuang Bus Co., Ltd.'}, 'OperatorCode': 'KuoKuangBus', 'OperatorNo': '1101'}]",021,010,"[{'SubRouteUID': 'ILA033601', 'SubRouteID': '033601', 'OperatorIDs': ['45'], 'SubRouteName': {'Zh_tw': '學53', 'En': '學53'}, 'Headsign': '岳明新村→下三結→蘭陽女中', 'HeadsignEn': 'Yueming Village→Sanjie→Lan Yang Girls’ Senior High School', 'Direction': 0}, {'SubRouteUID': 'ILA033602', 'SubRouteID': '033602', 'OperatorIDs': ['45'], 'SubRouteName': {'Zh_tw': '學53', 'En': '學53'}, 'Headsign': '蘭陽女中→下三結→岳明新村', 'HeadsignEn': 'Lan Yang Girls’ Senior High School→Sanjie→Yueming Village', 'Direction': 1}]",11,"{'Zh_tw': '學53', 'En': '學53'}",岳明新村,Yueming Village,蘭陽女中,Lan Yang Girls&#39; Senior High School,http://web.taiwanbus.tw/TMSData/Schematic/file/0336.jpg,YilanCounty,ILA,2023-07-13T07:38:39+08:00,1790
ILA0337,0337,True,"[{'OperatorID': '45', 'OperatorName': {'Zh_tw': '國光客運', 'En': 'Kuo-Kuang Bus Co., Ltd.'}, 'OperatorCode': 'KuoKuangBus', 'OperatorNo': '1101'}]",021,010,"[{'SubRouteUID': 'ILA033701', 'SubRouteID': '033701', 'OperatorIDs': ['45'], 'SubRouteName': {'Zh_tw': '學55', 'En': '學55'}, 'Headsign': '羅東轉運站→聖母護專', 'HeadsignEn': ""Luodong Bus Station→St. Mary's Junior College of Medicine"", 'Direction': 0}, {'SubRouteUID': 'ILA033702', 'SubRouteID': '033702', 'OperatorIDs': ['45'], 'SubRouteName': {'Zh_tw': '學55', 'En': '學55'}, 'Headsign': '聖母護專→羅東轉運站', 'HeadsignEn': ""St. Mary's Junior College of Medicine→Luodong Bus Station"", 'Direction': 1}]",11,"{'Zh_tw': '學55', 'En': '學55'}",羅東轉運站,Luodong Bus Station,聖母專校(側門),St. Mary's Junior College of Medicine,http://web.taiwanbus.tw/TMSData/Schematic/file/0337.jpg,YilanCounty,ILA,2023-07-13T07:38:39+08:00,1790
ILA0338,0338,True,"[{'OperatorID': '45', 'OperatorName': {'Zh_tw': '國光客運', 'En': 'Kuo-Kuang Bus Co., Ltd.'}, 'OperatorCode': 'KuoKuangBus', 'OperatorNo': '1101'}]",021,010,"[{'SubRouteUID': 'ILA033801', 'SubRouteID': '033801', 'OperatorIDs': ['45'], 'SubRouteName': {'Zh_tw': '學56', 'En': '學56'}, 'Headsign': '幸福轉運站→羅東高商', 'HeadsignEn': 'Yilan Transfer Station→National Lo—Tung Commercial Vocational High School', 'Direction': 0}, {'SubRouteUID': 'ILA033802', 'SubRouteID': '033802', 'OperatorIDs': ['45'], 'SubRouteName': {'Zh_tw': '學56', 'En': '學56'}, 'Headsign': '羅東高商→幸福轉運站', 'HeadsignEn': 'National Lo—Tung Commercial Vocational High School→Yilan Transfer Station', 'Direction': 1}]",11,"{'Zh_tw': '學56', 'En': '學56'}",幸福轉運站,Happy Station,羅東高商,Lo-Tung Commercial Vocational High School,http://web.taiwanbus.tw/TMSData/Schematic/file/0338.jpg,YilanCounty,ILA,2023-07-13T07:38:39+08:00,1790
ILA0339,0339,True,"[{'OperatorID': '45', 'OperatorName': {'Zh_tw': '國光客運', 'En': 'Kuo-Kuang Bus Co., Ltd.'}, 'OperatorCode': 'KuoKuangBus', 'OperatorNo': '1101'}]",021,010,"[{'SubRouteUID': 'ILA033901', 'SubRouteID': '033901', 'OperatorIDs': ['45'], 'SubRouteName': {'Zh_tw': '學57', 'En': '學57'}, 'Headsign': '岳明新村→羅東高中', 'HeadsignEn': 'Yueming Village→National Lo—Tung Senior High School', 'Direction': 0}, {'SubRouteUID': 'ILA0339A1', 'SubRouteID': '0339A1', 'OperatorIDs': ['45'], 'SubRouteName': {'Zh_tw': '學57A', 'En': '學57A'}, 'Headsign': '岳明新村→羅東高商', 'HeadsignEn': 'Yueming Village→National Lo—Tung Commercial Vocational High School', 'Direction': 0}, {'SubRouteUID': 'ILA0339A2', 'SubRouteID': '0339A2', 'OperatorIDs': ['45'], 'SubRouteName': {'Zh_tw': '學57A', 'En': '學57A'}, 'Headsign': '羅東高商→岳明新村', 'HeadsignEn': 'National Lo—Tung Commercial Vocational High School→Yueming Village', 'Direction': 1}]",11,"{'Zh_tw': '學57', 'En': '學57'}",岳明新村,Yueming Village,羅東高中,National Lo-Tung Senior High School,http://web.taiwanbus.tw/TMSData/Schematic/file/0339.jpg,YilanCounty,ILA,2023-07-13T07:38:39+08:00,1790
ILA0340,0340,True,"[{'OperatorID': '45', 'OperatorName': {'Zh_tw': '國光客運', 'En': 'Kuo-Kuang Bus Co., Ltd.'}, 'OperatorCode': 'KuoKuangBus', 'OperatorNo': '1101'}]",021,010,"[{'SubRouteUID': 'ILA034001', 'SubRouteID': '034001', 'OperatorIDs': ['45'], 'SubRouteName': {'Zh_tw': '學58', 'En': '學58'}, 'Headsign': '蘇澳→經羅東高商→羅東高中', 'HeadsignEn': 'Suao→Lo—Tung Commercial Vocational High School→Lo—Tung Senior High School', 'Direction': 0}, {'SubRouteUID': 'ILA034002', 'SubRouteID': '034002', 'OperatorIDs': ['45'], 'SubRouteName': {'Zh_tw': '學58', 'En': '學58'}, 'Headsign': '羅東高商→南方澳', 'HeadsignEn': ""Lo—Tung Commercial Vocational High School→Nanfang'ao"", 'Direction': 1}, {'SubRouteUID': 'ILA0340A2', 'SubRouteID': '0340A2', 'OperatorIDs': ['45'], 'SubRouteName': {'Zh_tw': '學58A', 'En': '學58A'}, 'Headsign': '羅東高中→蘇澳', 'HeadsignEn': 'National Lo—Tung Senior High School→Su—ao', 'Direction': 1}]",11,"{'Zh_tw': '學58', 'En': '學58'}",南方澳,Nanfang-ao,羅東高中,National Lo-Tung Senior High School,http://web.taiwanbus.tw/TMSData/Schematic/file/0340.jpg,YilanCounty,ILA,2023-07-13T07:38:39+08:00,1790
ILA0341,0341,True,"[{'OperatorID': '45', 'OperatorName': {'Zh_tw': '國光客運', 'En': 'Kuo-Kuang Bus Co., Ltd.'}, 'OperatorCode': 'KuoKuangBus', 'OperatorNo': '1101'}]",021,010,"[{'SubRouteUID': 'ILA034101', 'SubRouteID': '034101', 'OperatorIDs': ['45'], 'SubRouteName': {'Zh_tw': '學59', 'En': '學59'}, 'Headsign': '羅東中山公園→蘇澳海事', 'HeadsignEn': 'Luodong Zongshan Park→Su—Ao Marine and Fisheries Vocational High School', 'Direction': 0}, {'SubRouteUID': 'ILA034102', 'SubRouteID': '034102', 'OperatorIDs': ['45'], 'SubRouteName': {'Zh_tw': '學59', 'En': '學59'}, 'Headsign': '蘇澳海事→羅東中山公園', 'HeadsignEn': 'Su—Ao Marine and Fisheries Vocational High School→Luodong Zongshan Park', 'Direction': 1}]",11,"{'Zh_tw': '學59', 'En': '學59'}",羅東夜市(中山公園),Luodong Night Market (Zhongshan Park),蘇澳海事,Su-Ao Marine and Fisheries Vocational High School,http://web.taiwanbus.tw/TMSData/Schematic/file/0341.jpg,YilanCounty,ILA,2023-07-13T07:38:39+08:00,1790
ILA0342,0342,True,"[{'OperatorID': '45', 'OperatorName': {'Zh_tw': '國光客運', 'En': 'Kuo-Kuang Bus Co., Ltd.'}, 'OperatorCode': 'KuoKuangBus', 'OperatorNo': '1101'}]",021,010,"[{'SubRouteUID': 'ILA034201', 'SubRouteID': '034201', 'OperatorIDs': ['45'], 'SubRouteName': {'Zh_tw': '學60', 'En': '學60'}, 'Headsign': '羅東火車站→馬賽岳明→蘇澳海事', 'HeadsignEn': 'TRA Luodong Station→Masai Yueming→National Suao Marine and Fisheries Vocational High School', 'Direction': 0}, {'SubRouteUID': 'ILA034202', 'SubRouteID': '034202', 'OperatorIDs': ['45'], 'SubRouteName': {'Zh_tw': '學60', 'En': '學60'}, 'Headsign': '蘇澳海事→馬賽岳明→羅東火車站', 'HeadsignEn': 'National Suao Marine and Fisheries Vocational High School→Masai Yueming→TRA Luodong Station', 'Direction': 1}]",11,"{'Zh_tw': '學60', 'En': '學60'}",羅東轉運站,Luodong Bus Station,蘇澳海事,Su-Ao Marine and Fisheries Vocational High School,http://web.taiwanbus.tw/TMSData/Schematic/file/0342.jpg,YilanCounty,ILA,2023-07-13T07:38:39+08:00,1790
ILA0343,0343,True,"[{'OperatorID': '45', 'OperatorName': {'Zh_tw': '國光客運', 'En': 'Kuo-Kuang Bus Co., Ltd.'}, 'OperatorCode': 'KuoKuangBus', 'OperatorNo': '1101'}]",021,010,"[{'SubRouteUID': 'ILA034301', 'SubRouteID': '034301', 'OperatorIDs': ['45'], 'SubRouteName': {'Zh_tw': '1791', 'En': '1791'}, 'Headsign': '羅東→南方澳(經清水)', 'HeadsignEn': 'Luodong→Nanfang—ao(Via Qingshui)', 'Direction': 0}, {'SubRouteUID': 'ILA034302', 'SubRouteID': '034302', 'OperatorIDs': ['45'], 'SubRouteName': {'Zh_tw': '1791', 'En': '1791'}, 'Headsign': '南方澳→羅東(經清水)', 'HeadsignEn': 'Nanfang—ao→Luodong(Via Qingshui)', 'Direction': 1}]",11,"{'Zh_tw': '1791', 'En': '1791'}",羅東轉運站,Luodong Bus Station,南方澳,Nanfang-ao,http://web.taiwanbus.tw/TMSData/Schematic/file/0343.jpg,YilanCounty,ILA,2023-07-13T07:38:39+08:00,1790
ILA0344,0344,True,"[{'OperatorID': '45', 'OperatorName': {'Zh_tw': '國光客運', 'En': 'Kuo-Kuang Bus Co., Ltd.'}, 'OperatorCode': 'KuoKuangBus', 'OperatorNo': '1101'}]",021,010,"[{'SubRouteUID': 'ILA034401', 'SubRouteID': '034401', 'OperatorIDs': ['45'], 'SubRouteName': {'Zh_tw': '1793', 'En': '1793'}, 'Headsign': '羅東→牛鬥(經天送埤)', 'HeadsignEn': 'Luodong→Niudou(Via Tiansongbi)', 'Direction': 0}, {'SubRouteUID': 'ILA034402', 'SubRouteID': '034402', 'OperatorIDs': ['45'], 'SubRouteName': {'Zh_tw': '1793', 'En': '1793'}, 'Headsign': '牛鬥→羅東(經天送埤)', 'HeadsignEn': 'Niudou→Luodong(Via Tiansongbi)', 'Direction': 1}]",11,"{'Zh_tw': '1793', 'En': '1793'}",羅東轉運站,Luodong Bus Station,牛鬥派出所,Niudou Police Station,http://web.taiwanbus.tw/TMSData/Schematic/file/0344.jpg,YilanCounty,ILA,2023-07-13T07:38:39+08:00,1790
ILA0345,0345,True,"[{'OperatorID': '45', 'OperatorName': {'Zh_tw': '國光客運', 'En': 'Kuo-Kuang Bus Co., Ltd.'}, 'OperatorCode': 'KuoKuangBus', 'OperatorNo': '1101'}]",021,010,"[{'SubRouteUID': 'ILA034501', 'SubRouteID': '034501', 'OperatorIDs': ['45'], 'SubRouteName': {'Zh_tw': '1794', 'En': '1794'}, 'Headsign': '羅東→三星(經大洲)', 'HeadsignEn': 'Luodong→Sanxing(Via Dazhou)', 'Direction': 0}, {'SubRouteUID': 'ILA034502', 'SubRouteID': '034502', 'OperatorIDs': ['45'], 'SubRouteName': {'Zh_tw': '1794', 'En': '1794'}, 'Headsign': '三星→羅東(經大洲)', 'HeadsignEn': 'Sanxing→Luodong(Via Dazhou)', 'Direction': 1}, {'SubRouteUID': 'ILA0345A1', 'SubRouteID': '0345A1', 'OperatorIDs': ['45'], 'SubRouteName': {'Zh_tw': '1794A', 'En': '1794A'}, 'Headsign': '羅東→三星(經大洲、耕莘專校)', 'HeadsignEn': 'Luodong→Sanxing(Via Dazhou、Cardinal Tien Junior College)', 'Direction': 0}, {'SubRouteUID': 'ILA0345A2', 'SubRouteID': '0345A2', 'OperatorIDs': ['45'], 'SubRouteName': {'Zh_tw': '1794A', 'En': '1794A'}, 'Headsign': '三星→羅東(經耕莘專校、大洲)', 'HeadsignEn': 'Sanxing→Luodong(Via Cardinal Tien Junior College、Dazhou)', 'Direction': 1}, {'SubRouteUID': 'ILA0345B1', 'SubRouteID': '0345B1', 'OperatorIDs': ['45'], 'SubRouteName': {'Zh_tw': '1794B', 'En': '1794B'}, 'Headsign': '羅東→三星(經大洲、耕莘專校、紅柴林營區)', 'HeadsignEn': 'Luodong→Sanxing(Via Dazhou、Cardinal Tien Junior College、HongChaiLin Camp)', 'Direction': 0}, {'SubRouteUID': 'ILA0345B2', 'SubRouteID': '0345B2', 'OperatorIDs': ['45'], 'SubRouteName': {'Zh_tw': '1794B', 'En': '1794B'}, 'Headsign': '三星→羅東(經紅柴林營區、耕莘專校、大洲)', 'HeadsignEn': 'Sanxing→Luodong(Via HongChaiLin Camp、Cardinal Tien Junior College、Dazhou)', 'Direction': 1}, {'SubRouteUID': 'ILA0345C1', 'SubRouteID': '0345C1', 'OperatorIDs': ['45'], 'SubRouteName': {'Zh_tw': '1794C', 'En': '1794C'}, 'Headsign': '羅東→三星(經聖母醫院、大洲、耕莘專校、天送埤)', 'HeadsignEn': 'Luodong→Sanxing(Via St. Marys Hospital、Dazhou、Cardinal Tien Junior College、Tiansongbi)', 'Direction': 0}, {'SubRouteUID': 'ILA0345C2', 'SubRouteID': '0345C2', 'OperatorIDs': ['45'], 'SubRouteName': {'Zh_tw': '1794C', 'En': '1794C'}, 'Headsign': '三星→羅東(繞駛天送埤)', 'HeadsignEn': 'Sanxing→Luodong(Via Tiansongbi)', 'Direction': 1}]",11,"{'Zh_tw': '1794', 'En': '1794'}",羅東轉運站,Luodong Bus Station,三星三站,Sanxing 3rd Station,http://web.taiwanbus.tw/TMSData/Schematic/file/0345.jpg,YilanCounty,ILA,2023-07-13T07:38:39+08:00,1790
ILA0346,0346,True,"[{'OperatorID': '45', 'OperatorName': {'Zh_tw': '國光客運', 'En': 'Kuo-Kuang Bus Co., Ltd.'}, 'OperatorCode': 'KuoKuangBus', 'OperatorNo': '1101'}]",021,010,"[{'SubRouteUID': 'ILA034601', 'SubRouteID': '034601', 'OperatorIDs': ['45'], 'SubRouteName': {'Zh_tw': '1795', 'En': '1795'}, 'Headsign': '羅東→寒溪(經廣興)', 'HeadsignEn': 'Luodong→Hanxi(Via Guangxing)', 'Direction': 0}, {'SubRouteUID': 'ILA034602', 'SubRouteID': '034602', 'OperatorIDs': ['45'], 'SubRouteName': {'Zh_tw': '1795', 'En': '1795'}, 'Headsign': '寒溪→羅東(經廣興)', 'HeadsignEn': 'Hanxi→Luodong(Via Guangxing)', 'Direction': 1}, {'SubRouteUID': 'ILA0346A1', 'SubRouteID': '0346A1', 'OperatorIDs': ['45'], 'SubRouteName': {'Zh_tw': '1795A', 'En': '1795A'}, 'Headsign': '羅東→寒溪[經國華國中]', 'HeadsignEn': 'Luodong→Hanxi(Via Guo Hua Junior High School )', 'Direction': 0}, {'SubRouteUID': 'ILA0346B1', 'SubRouteID': '0346B1', 'OperatorIDs': ['45'], 'SubRouteName': {'Zh_tw': '1795B', 'En': '1795B'}, 'Headsign': '羅東→寒溪(繞駛新光部落)', 'HeadsignEn': 'Luodong→Qalang(Via Qalang)', 'Direction': 0}, {'SubRouteUID': 'ILA0346B2', 'SubRouteID': '0346B2', 'OperatorIDs': ['45'], 'SubRouteName': {'Zh_tw': '1795B', 'En': '1795B'}, 'Headsign': '寒溪→羅東(繞駛新光部落)', 'HeadsignEn': 'Hanxi→Luodong(Via Qalang)', 'Direction': 1}, {'SubRouteUID': 'ILA0346C2', 'SubRouteID': '0346C2', 'OperatorIDs': ['45'], 'SubRouteName': {'Zh_tw': '1795C', 'En': '1795C'}, 'Headsign': '寒溪→順安國中[經國華國中]', 'HeadsignEn': 'Hanxi→Shun An Junior High School (Via Guo Hua Junior High School)', 'Direction': 1}, {'SubRouteUID': 'ILA0346D1', 'SubRouteID': '0346D1', 'OperatorIDs': ['45'], 'SubRouteName': {'Zh_tw': '1795D', 'En': '1795D'}, 'Headsign': '順安國中→寒溪[經羅東]', 'HeadsignEn': 'Shun An Junior High School→Hanxi (Via Luodong)', 'Direction': 0}]",11,"{'Zh_tw': '1795', 'En': '1795'}",羅東轉運站,Luodong Bus Station,寒溪,Hanxi,http://web.taiwanbus.tw/TMSData/Schematic/file/0346.jpg,YilanCounty,ILA,2023-07-13T07:38:39+08:00,1790
ILA0347,0347,True,"[{'OperatorID': '45', 'OperatorName': {'Zh_tw': '國光客運', 'En': 'Kuo-Kuang Bus Co., Ltd.'}, 'OperatorCode': 'KuoKuangBus', 'OperatorNo': '1101'}]",021,010,"[{'SubRouteUID': 'ILA034701', 'SubRouteID': '034701', 'OperatorIDs': ['45'], 'SubRouteName': {'Zh_tw': '1796', 'En': '1796'}, 'Headsign': '羅東→松羅(經天送埤)', 'HeadsignEn': 'Luodong→Songluo(Via Tiansongbi)', 'Direction': 0}, {'SubRouteUID': 'ILA034702', 'SubRouteID': '034702', 'OperatorIDs': ['45'], 'SubRouteName': {'Zh_tw': '1796', 'En': '1796'}, 'Headsign': '松羅→羅東(經天送埤)', 'HeadsignEn': 'Songluo→Luodong(Via Tiansongbi)', 'Direction': 1}]",11,"{'Zh_tw': '1796', 'En': '1796'}",羅東轉運站,Luodong Bus Station,松羅,Songluo,http://web.taiwanbus.tw/TMSData/Schematic/file/0347.jpg,YilanCounty,ILA,2023-07-13T07:38:39+08:00,1790
ILA0348,0348,True,"[{'OperatorID': '45', 'OperatorName': {'Zh_tw': '國光客運', 'En': 'Kuo-Kuang Bus Co., Ltd.'}, 'OperatorCode': 'KuoKuangBus', 'OperatorNo': '1101'}]",021,010,"[{'SubRouteUID': 'ILA034801', 'SubRouteID': '034801', 'OperatorIDs': ['45'], 'SubRouteName': {'Zh_tw': '1797', 'En': '1797'}, 'Headsign': '羅東→岳明新村', 'HeadsignEn': 'Luodong→Yueming Village', 'Direction': 0}, {'SubRouteUID': 'ILA034802', 'SubRouteID': '034802', 'OperatorIDs': ['45'], 'SubRouteName': {'Zh_tw': '1797', 'En': '1797'}, 'Headsign': '岳明新村→羅東', 'HeadsignEn': 'Yueming Village→Luodong', 'Direction': 1}, {'SubRouteUID': 'ILA0348A1', 'SubRouteID': '0348A1', 'OperatorIDs': ['45'], 'SubRouteName': {'Zh_tw': '1797A', 'En': '1797A'}, 'Headsign': '羅東→岳明新村[經清水]', 'HeadsignEn': 'Luodong→Yueming(Via Qing Shui)', 'Direction': 0}]",11,"{'Zh_tw': '1797', 'En': '1797'}",羅東轉運站,Luodong Bus Station,岳明新村,Yueming  Village,http://web.taiwanbus.tw/TMSData/Schematic/file/0348.jpg,YilanCounty,ILA,2023-07-13T07:38:39+08:00,1790
ILA0349,0349,True,"[{'OperatorID': '45', 'OperatorName': {'Zh_tw': '國光客運', 'En': 'Kuo-Kuang Bus Co., Ltd.'}, 'OperatorCode': 'KuoKuangBus', 'OperatorNo': '1101'}]",021,010,"[{'SubRouteUID': 'ILA034901', 'SubRouteID': '034901', 'OperatorIDs': ['45'], 'SubRouteName': {'Zh_tw': '1798', 'En': '1798'}, 'Headsign': '羅東→智腦(樂水村)', 'HeadsignEn': 'Luodong→Zhinao(Leshui Village)', 'Direction': 0}, {'SubRouteUID': 'ILA034902', 'SubRouteID': '034902', 'OperatorIDs': ['45'], 'SubRouteName': {'Zh_tw': '1798', 'En': '1798'}, 'Headsign': '智腦→羅東(樂水村)', 'HeadsignEn': 'Zhinao→Luodong(Leshui Village)', 'Direction': 1}, {'SubRouteUID': 'ILA0349A2', 'SubRouteID': '0349A2', 'OperatorIDs': ['45'], 'SubRouteName': {'Zh_tw': '1798A', 'En': '1798A'}, 'Headsign': '智腦→羅東[經長埤湖]', 'HeadsignEn': 'Zhinao→Luodong(Via Zhang Bi Lake)', 'Direction': 1}]",11,"{'Zh_tw': '1798', 'En': '1798'}",羅東轉運站,Luodong Bus Station,智腦,Zhinao,http://web.taiwanbus.tw/TMSData/Schematic/file/0349.jpg,YilanCounty,ILA,2023-07-13T07:38:39+08:00,1790
ILA0350,0350,True,"[{'OperatorID': '45', 'OperatorName': {'Zh_tw': '國光客運', 'En': 'Kuo-Kuang Bus Co., Ltd.'}, 'OperatorCode': 'KuoKuangBus', 'OperatorNo': '1101'}]",021,010,"[{'SubRouteUID': 'ILA035001', 'SubRouteID': '035001', 'OperatorIDs': ['45'], 'SubRouteName': {'Zh_tw': '1799', 'En': '1799'}, 'Headsign': '蘇澳→永樂里', 'HeadsignEn': 'Su-ao→Yongle Village', 'Direction': 0}, {'SubRouteUID': 'ILA035002', 'SubRouteID': '035002', 'OperatorIDs': ['45'], 'SubRouteName': {'Zh_tw': '1799', 'En': '1799'}, 'Headsign': '永樂里→蘇澳', 'HeadsignEn': 'Yongle Village→Su-ao', 'Direction': 1}]",11,"{'Zh_tw': '1799', 'En': '1799'}",衛生所,Public Health Center,永樂里,Yongle Village,http://web.taiwanbus.tw/TMSData/Schematic/file/0350.jpg,YilanCounty,ILA,2023-07-13T07:38:39+08:00,1790
ILA0351,0351,True,"[{'OperatorID': '35', 'OperatorName': {'Zh_tw': '葛瑪蘭客運', 'En': 'Kamalan Bus Co., Ltd.'}, 'OperatorCode': 'KamalanBus', 'OperatorNo': '1308'}, {'OperatorID': '45', 'OperatorName': {'Zh_tw': '國光客運', 'En': 'Kuo-Kuang Bus Co., Ltd.'}, 'OperatorCode': 'KuoKuangBus', 'OperatorNo': '1101'}]",021,010,"[{'SubRouteUID': 'ILA035101', 'SubRouteID': '035101', 'OperatorIDs': ['35', '45'], 'SubRouteName': {'Zh_tw': '201', 'En': '201'}, 'Headsign': '羅東轉運站→蘇澳轉運站(經東澳火車站)→花蓮轉運站', 'HeadsignEn': 'Luodong Bus Station→Su ao Transit Station(Via Dong ao Station)→Hualien Bus Station', 'Direction': 0}, {'SubRouteUID': 'ILA035102', 'SubRouteID': '035102', 'OperatorIDs': ['35', '45'], 'SubRouteName': {'Zh_tw': '201', 'En': '201'}, 'Headsign': '花蓮轉運站→蘇澳轉運站(經東澳火車站)→羅東轉運站', 'HeadsignEn': 'Hualien Bus Station→Su ao Transit Station(Via Dong ao Station)→Luodong Bus Station', 'Direction': 1}, {'SubRouteUID': 'ILA0351A1', 'SubRouteID': '0351A1', 'OperatorIDs': ['35', '45'], 'SubRouteName': {'Zh_tw': '201A', 'En': '201A'}, 'Headsign': '羅東轉運站→花蓮轉運站', 'HeadsignEn': 'Luodong Bus Station→Hualien Bus Station', 'Direction': 0}, {'SubRouteUID': 'ILA0351A2', 'SubRouteID': '0351A2', 'OperatorIDs': ['35', '45'], 'SubRouteName': {'Zh_tw': '201A', 'En': '201A'}, 'Headsign': '花蓮轉運站→羅東轉運站', 'HeadsignEn': 'Hualien Bus Station→Luodong Bus Station', 'Direction': 1}]",11,"{'Zh_tw': '201', 'En': '201'}",羅東轉運站,Luodong Bus Station,花蓮轉運站,Hualien Bus Station,http://web.taiwanbus.tw/TMSData/Schematic/file/0351.jpg,YilanCounty,ILA,2023-07-13T07:38:39+08:00,1790
ILA0583,0583,True,"[{'OperatorID': '45', 'OperatorName': {'Zh_tw': '國光客運', 'En': 'Kuo-Kuang Bus Co., Ltd.'}, 'OperatorCode': 'KuoKuangBus', 'OperatorNo': '1101'}]",021,010,"[{'SubRouteUID': 'ILA058301', 'SubRouteID': '058301', 'OperatorIDs': ['45'], 'SubRouteName': {'Zh_tw': '綠19', 'En': '綠19'}, 'Headsign': '礁溪轉運站→馬崗(台灣好行宜蘭東北角海岸線)', 'HeadsignEn': 'Jiaoxi Bus Station → Magang (Taiwan Tourist Shuttle Yilan Northeast Coast Line)', 'Direction': 0}, {'SubRouteUID': 'ILA058302', 'SubRouteID': '058302', 'OperatorIDs': ['45'], 'SubRouteName': {'Zh_tw': '綠19', 'En': '綠19'}, 'Headsign': '馬崗→礁溪轉運站(台灣好行宜蘭東北角海岸線)', 'HeadsignEn': 'Magang → Jiaoxi Bus Station (Taiwan Tourist Shuttle Yilan Northeast Coast Line)', 'Direction': 1}]",11,"{'Zh_tw': '綠19', 'En': '綠19'}",礁溪轉運站,Jiaoxi Transfer Station,馬崗 (三貂角燈塔),Magang (Sandiao Cape Lighthouse),http://web.taiwanbus.tw/TMSData/Schematic/file/0583.jpg,YilanCounty,ILA,2023-07-13T07:38:39+08:00,1790
ILA0621,0621,True,"[{'OperatorID': '35', 'OperatorName': {'Zh_tw': '葛瑪蘭客運', 'En': 'Kamalan Bus Co., Ltd.'}, 'OperatorCode': 'KamalanBus', 'OperatorNo': '1308'}]",021,010,"[{'SubRouteUID': 'ILA062101', 'SubRouteID': '062101', 'OperatorIDs': ['35'], 'SubRouteName': {'Zh_tw': '621', 'En': '621'}, 'Headsign': '錦草上溪埔→羅東後火車站→國立傳統藝術中心', 'HeadsignEn': 'Jincao ShangXipu→Luodong Rear Station(TRA)→Linghui Temple', 'Direction': 0}, {'SubRouteUID': 'ILA062102', 'SubRouteID': '062102', 'OperatorIDs': ['35'], 'SubRouteName': {'Zh_tw': '621', 'En': '621'}, 'Headsign': '國立傳統藝術中心→羅東後火車站→錦草上溪埔', 'HeadsignEn': 'Linghui Temple→Luodong Rear Station(TRA)→Jincao ShangXipu', 'Direction': 1}]",11,"{'Zh_tw': '621', 'En': '621'}",錦草上溪埔,Jincao ShangXiPu,國立傳統藝術中心,National Center for Tranditional Arts,http://web.taiwanbus.tw/TMSData/Schematic/file/0621.jpg,YilanCounty,ILA,2023-07-13T07:38:39+08:00,1790
ILA0622,0622,True,"[{'OperatorID': '45', 'OperatorName': {'Zh_tw': '國光客運', 'En': 'Kuo-Kuang Bus Co., Ltd.'}, 'OperatorCode': 'KuoKuangBus', 'OperatorNo': '1101'}]",021,010,"[{'SubRouteUID': 'ILA062201', 'SubRouteID': '062201', 'OperatorIDs': ['45'], 'SubRouteName': {'Zh_tw': '1766', 'En': '1766'}, 'Headsign': '南方澳→頭城', 'HeadsignEn': 'Nanfang—ao→ Toucheng', 'Direction': 0}, {'SubRouteUID': 'ILA062202', 'SubRouteID': '062202', 'OperatorIDs': ['45'], 'SubRouteName': {'Zh_tw': '1766', 'En': '1766'}, 'Headsign': '頭城→南方澳', 'HeadsignEn': 'Toucheng→ Nanfang—ao', 'Direction': 1}]",11,"{'Zh_tw': '1766', 'En': '1766'}",南方澳,Nanfang-ao,烏石港轉運站,Wush Harbor( Wush Harbor Bus Station),http://web.taiwanbus.tw/TMSData/Schematic/file/0622.jpg,YilanCounty,ILA,2023-07-13T07:38:39+08:00,1790
ILA0623,0623,True,"[{'OperatorID': '45', 'OperatorName': {'Zh_tw': '國光客運', 'En': 'Kuo-Kuang Bus Co., Ltd.'}, 'OperatorCode': 'KuoKuangBus', 'OperatorNo': '1101'}]",021,010,"[{'SubRouteUID': 'ILA062301', 'SubRouteID': '062301', 'OperatorIDs': ['45'], 'SubRouteName': {'Zh_tw': '1767', 'En': '1767'}, 'Headsign': '南方澳→純精路→頭城', 'HeadsignEn': 'Nanfang-ao→Chunjing Road→Toucheng', 'Direction': 0}, {'SubRouteUID': 'ILA0623A1', 'SubRouteID': '0623A1', 'OperatorIDs': ['45'], 'SubRouteName': {'Zh_tw': '1767A', 'En': '1767A'}, 'Headsign': '南方澳→純精路→頭城[經羅東高中]', 'HeadsignEn': 'Nanfang-ao→Chunjing Road→Toucheng(Via Luo Dong Senior high school)', 'Direction': 0}]",11,"{'Zh_tw': '1767', 'En': '1767'}",南方澳,Nanfang-ao,烏石港轉運站,Wush Harbor( Wush Harbor Bus Station),http://web.taiwanbus.tw/TMSData/Schematic/file/0623.jpg,YilanCounty,ILA,2023-07-13T07:38:39+08:00,1790
ILA0624,0624,True,"[{'OperatorID': '45', 'OperatorName': {'Zh_tw': '國光客運', 'En': 'Kuo-Kuang Bus Co., Ltd.'}, 'OperatorCode': 'KuoKuangBus', 'OperatorNo': '1101'}]",021,010,"[{'SubRouteUID': 'ILA062401', 'SubRouteID': '062401', 'OperatorIDs': ['45'], 'SubRouteName': {'Zh_tw': '1792', 'En': '1792'}, 'Headsign': '羅東→天送埤(經三星)', 'HeadsignEn': 'Luodong→Tiansongbi(Via Sanxing)', 'Direction': 0}, {'SubRouteUID': 'ILA062402', 'SubRouteID': '062402', 'OperatorIDs': ['45'], 'SubRouteName': {'Zh_tw': '1792', 'En': '1792'}, 'Headsign': '天送埤→羅東(經三星)', 'HeadsignEn': 'Tiansongbi→Luodong(Via Sanxing)', 'Direction': 1}]",11,"{'Zh_tw': '1792', 'En': '1792'}",羅東轉運站,Luodong Bus Station,天送埤,Tiansongbi,http://web.taiwanbus.tw/TMSData/Schematic/file/0624.jpg,YilanCounty,ILA,2023-07-13T07:38:39+08:00,1790
ILA0751,0751,True,"[{'OperatorID': '35', 'OperatorName': {'Zh_tw': '葛瑪蘭客運', 'En': 'Kamalan Bus Co., Ltd.'}, 'OperatorCode': 'KamalanBus', 'OperatorNo': '1308'}]",021,010,"[{'SubRouteUID': 'ILA075101', 'SubRouteID': '075101', 'OperatorIDs': ['35'], 'SubRouteName': {'Zh_tw': '751', 'En': '751'}, 'Headsign': '宜蘭轉運站→普門醫院', 'HeadsignEn': 'Yilan Transfer Station→Pumen hospital', 'Direction': 0}, {'SubRouteUID': 'ILA075102', 'SubRouteID': '075102', 'OperatorIDs': ['35'], 'SubRouteName': {'Zh_tw': '751', 'En': '751'}, 'Headsign': '普門醫院→宜蘭轉運站', 'HeadsignEn': 'Pumen hospital→ Yilan Transfer Station', 'Direction': 1}]",11,"{'Zh_tw': '751', 'En': '751'}",宜蘭轉運站1,Yilan Transfer Station 1,三興廟,Sanxing Temple,http://web.taiwanbus.tw/TMSData/Schematic/file/0751.jpg,YilanCounty,ILA,2023-07-13T07:38:39+08:00,1790
ILA0752,0752,True,"[{'OperatorID': '35', 'OperatorName': {'Zh_tw': '葛瑪蘭客運', 'En': 'Kamalan Bus Co., Ltd.'}, 'OperatorCode': 'KamalanBus', 'OperatorNo': '1308'}]",021,010,"[{'SubRouteUID': 'ILA075201', 'SubRouteID': '075201', 'OperatorIDs': ['35'], 'SubRouteName': {'Zh_tw': '752', 'En': '752'}, 'Headsign': '宜蘭轉運站→臺北榮總員山分院', 'HeadsignEn': 'Yilan Transfer Station→Taipei Veterans General Hospital Yuanshan Branch', 'Direction': 0}, {'SubRouteUID': 'ILA075202', 'SubRouteID': '075202', 'OperatorIDs': ['35'], 'SubRouteName': {'Zh_tw': '752', 'En': '752'}, 'Headsign': '臺北榮總員山分院→宜蘭轉運站', 'HeadsignEn': 'Taipei Veterans General Hospital Yuanshan Branch→Yilan Transfer Station', 'Direction': 1}]",11,"{'Zh_tw': '752', 'En': '752'}",宜蘭轉運站1,Yilan Transfer Station 1,臺北榮總員山分院,Taipei Veterans General Hospital Yuanshan Branch,http://web.taiwanbus.tw/TMSData/Schematic/file/0752.jpg,YilanCounty,ILA,2023-07-13T07:38:39+08:00,1790
ILA0753,0753,True,"[{'OperatorID': '35', 'OperatorName': {'Zh_tw': '葛瑪蘭客運', 'En': 'Kamalan Bus Co., Ltd.'}, 'OperatorCode': 'KamalanBus', 'OperatorNo': '1308'}]",021,010,"[{'SubRouteUID': 'ILA075301', 'SubRouteID': '075301', 'OperatorIDs': ['35'], 'SubRouteName': {'Zh_tw': '753', 'En': '753'}, 'Headsign': '宜蘭轉運站→雙連埤', 'HeadsignEn': 'Yilan Transfer Station→Shuanglianpi', 'Direction': 0}, {'SubRouteUID': 'ILA075302', 'SubRouteID': '075302', 'OperatorIDs': ['35'], 'SubRouteName': {'Zh_tw': '753', 'En': '753'}, 'Headsign': '雙連埤→宜蘭轉運站', 'HeadsignEn': 'Shuanglianpi→Yilan Transfer Station', 'Direction': 1}]",11,"{'Zh_tw': '753', 'En': '753'}",宜蘭轉運站1,Yilan Transfer Station 1,下埤,Under Pi,http://web.taiwanbus.tw/TMSData/Schematic/file/0753.jpg,YilanCounty,ILA,2023-07-13T07:38:39+08:00,1790
ILA0755,0755,True,"[{'OperatorID': '35', 'OperatorName': {'Zh_tw': '葛瑪蘭客運', 'En': 'Kamalan Bus Co., Ltd.'}, 'OperatorCode': 'KamalanBus', 'OperatorNo': '1308'}]",021,010,"[{'SubRouteUID': 'ILA075501', 'SubRouteID': '075501', 'OperatorIDs': ['35'], 'SubRouteName': {'Zh_tw': '755', 'En': '755'}, 'Headsign': '宜蘭轉運站→大礁溪', 'HeadsignEn': 'Yilan Transfer Station→Dajiaoxi', 'Direction': 0}, {'SubRouteUID': 'ILA075502', 'SubRouteID': '075502', 'OperatorIDs': ['35'], 'SubRouteName': {'Zh_tw': '755', 'En': '755'}, 'Headsign': '大礁溪→宜蘭轉運站', 'HeadsignEn': 'Dajiaoxi→Yilan Transfer Station', 'Direction': 1}]",11,"{'Zh_tw': '755', 'En': '755'}",宜蘭轉運站1,Yilan Transfer Station 1,大礁溪橋,Dajiaoxi bridge,http://web.taiwanbus.tw/TMSData/Schematic/file/0755.jpg,YilanCounty,ILA,2023-07-13T07:38:39+08:00,1790
ILA0771,0771,True,"[{'OperatorID': '35', 'OperatorName': {'Zh_tw': '葛瑪蘭客運', 'En': 'Kamalan Bus Co., Ltd.'}, 'OperatorCode': 'KamalanBus', 'OperatorNo': '1308'}]",021,010,"[{'SubRouteUID': 'ILA077101', 'SubRouteID': '077101', 'OperatorIDs': ['35'], 'SubRouteName': {'Zh_tw': '771', 'En': '771'}, 'Headsign': '慈安路→金六結', 'HeadsignEn': 'Ci—an  Rd.→Gin Liu Jie', 'Direction': 0}, {'SubRouteUID': 'ILA077102', 'SubRouteID': '077102', 'OperatorIDs': ['35'], 'SubRouteName': {'Zh_tw': '771', 'En': '771'}, 'Headsign': '金六結→慈安路', 'HeadsignEn': 'Gin Liu Jie→Ci—an  Rd.', 'Direction': 1}, {'SubRouteUID': 'ILA0771A1', 'SubRouteID': '0771A1', 'OperatorIDs': ['35'], 'SubRouteName': {'Zh_tw': '771A', 'En': '771A'}, 'Headsign': '慈安路→金六結[繞駛健康路一段]', 'HeadsignEn': 'Ci—an Rd.→Gin Liu Jie(Via Jiankang Road  Section 1)', 'Direction': 0}, {'SubRouteUID': 'ILA0771A2', 'SubRouteID': '0771A2', 'OperatorIDs': ['35'], 'SubRouteName': {'Zh_tw': '771A', 'En': '771A'}, 'Headsign': '金六結→慈安路[繞駛健康路一段]', 'HeadsignEn': 'Gin Liu Jie→Ci—an Rd.(Via Jiankang Road  Section 1)', 'Direction': 1}]",11,"{'Zh_tw': '771', 'En': '771'}",慈安路,Tsz An Rd.,金六結,Gin Liu Jie,http://web.taiwanbus.tw/TMSData/Schematic/file/0771.jpg,YilanCounty,ILA,2023-07-13T07:38:39+08:00,1790
ILA0772,0772,True,"[{'OperatorID': '35', 'OperatorName': {'Zh_tw': '葛瑪蘭客運', 'En': 'Kamalan Bus Co., Ltd.'}, 'OperatorCode': 'KamalanBus', 'OperatorNo': '1308'}]",021,010,"[{'SubRouteUID': 'ILA077201', 'SubRouteID': '077201', 'OperatorIDs': ['35'], 'SubRouteName': {'Zh_tw': '772', 'En': '772'}, 'Headsign': '大坡→縣政西路', 'HeadsignEn': 'Dapo→Xianzheng W. Rd.', 'Direction': 0}, {'SubRouteUID': 'ILA077202', 'SubRouteID': '077202', 'OperatorIDs': ['35'], 'SubRouteName': {'Zh_tw': '772', 'En': '772'}, 'Headsign': '縣政西路→大坡', 'HeadsignEn': 'Xianzheng W. Rd.→Dapo', 'Direction': 1}, {'SubRouteUID': 'ILA0772A1', 'SubRouteID': '0772A1', 'OperatorIDs': ['35'], 'SubRouteName': {'Zh_tw': '772A', 'En': '772A'}, 'Headsign': '大坡→縣政西路[繞駛南津里]', 'HeadsignEn': 'Dapo→Xianzheng W. Rd.', 'Direction': 0}, {'SubRouteUID': 'ILA0772A2', 'SubRouteID': '0772A2', 'OperatorIDs': ['35'], 'SubRouteName': {'Zh_tw': '772A', 'En': '772A'}, 'Headsign': '縣政西路→大坡[繞駛南津里]', 'HeadsignEn': 'Xianzheng W. Rd.→Dapo', 'Direction': 1}]",11,"{'Zh_tw': '772', 'En': '772'}",大坡,Dapo,縣政西路,Xianzheng W. Rd.,http://web.taiwanbus.tw/TMSData/Schematic/file/0772.jpg,YilanCounty,ILA,2023-07-13T07:38:39+08:00,1790
ILA0783,0783,True,"[{'OperatorID': '45', 'OperatorName': {'Zh_tw': '國光客運', 'En': 'Kuo-Kuang Bus Co., Ltd.'}, 'OperatorCode': 'KuoKuangBus', 'OperatorNo': '1101'}]",021,010,"[{'SubRouteUID': 'ILA078301', 'SubRouteID': '078301', 'OperatorIDs': ['45'], 'SubRouteName': {'Zh_tw': '1785', 'En': '1785'}, 'Headsign': '宜蘭→圳頭(經內員山)', 'HeadsignEn': 'Yilan→Juntou(Via Neiyuanshan)', 'Direction': 0}, {'SubRouteUID': 'ILA078302', 'SubRouteID': '078302', 'OperatorIDs': ['45'], 'SubRouteName': {'Zh_tw': '1785', 'En': '1785'}, 'Headsign': '圳頭→宜蘭(經內員山)', 'HeadsignEn': 'Juntou→Yilan(Via Neiyuanshan)', 'Direction': 1}]",11,"{'Zh_tw': '1785', 'En': '1785'}",宜蘭轉運站,Yilan Transfer Station,圳頭,Juntou,http://web.taiwanbus.tw/TMSData/Schematic/file/0783.jpg,YilanCounty,ILA,2023-07-13T07:38:39+08:00,1790
ILA0784,0784,True,"[{'OperatorID': '45', 'OperatorName': {'Zh_tw': '國光客運', 'En': 'Kuo-Kuang Bus Co., Ltd.'}, 'OperatorCode': 'KuoKuangBus', 'OperatorNo': '1101'}]",021,010,"[{'SubRouteUID': 'ILA078401', 'SubRouteID': '078401', 'OperatorIDs': ['45'], 'SubRouteName': {'Zh_tw': '1790', 'En': '1790'}, 'Headsign': '宜蘭→頭城(經竹安)', 'HeadsignEn': 'Yilan→Toucheng(Via Chu—an)', 'Direction': 0}, {'SubRouteUID': 'ILA078402', 'SubRouteID': '078402', 'OperatorIDs': ['45'], 'SubRouteName': {'Zh_tw': '1790', 'En': '1790'}, 'Headsign': '頭城→宜蘭(經竹安)', 'HeadsignEn': 'Toucheng→Yilan(Via Chu—an)', 'Direction': 1}]",11,"{'Zh_tw': '1790', 'En': '1790'}",宜蘭轉運站,Yilan Transfer Station,頭城站,Toucheng Station,http://web.taiwanbus.tw/TMSData/Schematic/file/0784.jpg,YilanCounty,ILA,2023-07-13T07:38:39+08:00,1790
ILA0786,0786,True,"[{'OperatorID': '45', 'OperatorName': {'Zh_tw': '國光客運', 'En': 'Kuo-Kuang Bus Co., Ltd.'}, 'OperatorCode': 'KuoKuangBus', 'OperatorNo': '1101'}]",021,010,"[{'SubRouteUID': 'ILA078601', 'SubRouteID': '078601', 'OperatorIDs': ['45'], 'SubRouteName': {'Zh_tw': '1786', 'En': '1786'}, 'Headsign': '宜蘭→內城(經深溝)', 'HeadsignEn': 'Yilan→Neicheng(Via Shengou)', 'Direction': 0}, {'SubRouteUID': 'ILA078602', 'SubRouteID': '078602', 'OperatorIDs': ['45'], 'SubRouteName': {'Zh_tw': '1786', 'En': '1786'}, 'Headsign': '內城→宜蘭(經深溝)', 'HeadsignEn': 'Neicheng→Yilan(Via Shengou)', 'Direction': 1}]",11,"{'Zh_tw': '1786', 'En': '1786'}",宜蘭轉運站,Yilan Transfer Station,榮總員山分院,Veterans General Hospital Yuanshan Branch,http://web.taiwanbus.tw/TMSData/Schematic/file/0786.jpg,YilanCounty,ILA,2023-07-13T07:38:39+08:00,1790
ILA0787,0787,True,"[{'OperatorID': '45', 'OperatorName': {'Zh_tw': '國光客運', 'En': 'Kuo-Kuang Bus Co., Ltd.'}, 'OperatorCode': 'KuoKuangBus', 'OperatorNo': '1101'}]",021,010,"[{'SubRouteUID': 'ILA078701', 'SubRouteID': '078701', 'OperatorIDs': ['45'], 'SubRouteName': {'Zh_tw': '1787', 'En': '1787'}, 'Headsign': '宜蘭→東港(經公館)', 'HeadsignEn': 'Yilan→Donggang(Via Gongguan)', 'Direction': 0}, {'SubRouteUID': 'ILA078702', 'SubRouteID': '078702', 'OperatorIDs': ['45'], 'SubRouteName': {'Zh_tw': '1787', 'En': '1787'}, 'Headsign': '東港→宜蘭(經公館)', 'HeadsignEn': 'Donggang→Yilan(Via Gongguan)', 'Direction': 1}]",11,"{'Zh_tw': '1787', 'En': '1787'}",宜蘭轉運站,Yilan Transfer Station,東港,Donggang,http://web.taiwanbus.tw/TMSData/Schematic/file/0787.jpg,YilanCounty,ILA,2023-07-13T07:38:39+08:00,1790
ILA0788,0788,True,"[{'OperatorID': '45', 'OperatorName': {'Zh_tw': '國光客運', 'En': 'Kuo-Kuang Bus Co., Ltd.'}, 'OperatorCode': 'KuoKuangBus', 'OperatorNo': '1101'}]",021,010,"[{'SubRouteUID': 'ILA078801', 'SubRouteID': '078801', 'OperatorIDs': ['45'], 'SubRouteName': {'Zh_tw': '1788', 'En': '1788'}, 'Headsign': '宜蘭→大福(經公館)', 'HeadsignEn': 'Yilan→Dafu(Via Gongguan)', 'Direction': 0}, {'SubRouteUID': 'ILA078802', 'SubRouteID': '078802', 'OperatorIDs': ['45'], 'SubRouteName': {'Zh_tw': '1788', 'En': '1788'}, 'Headsign': '大福→宜蘭(經公館)', 'HeadsignEn': 'Dafu→Yilan(Via Gongguan)', 'Direction': 1}]",11,"{'Zh_tw': '1788', 'En': '1788'}",宜蘭轉運站,Yilan Transfer Station,大福海濱遊憩區,Dafu Seaside Park,http://web.taiwanbus.tw/TMSData/Schematic/file/0788.jpg,YilanCounty,ILA,2023-07-13T07:38:39+08:00,1790
ILA0789,0789,True,"[{'OperatorID': '45', 'OperatorName': {'Zh_tw': '國光客運', 'En': 'Kuo-Kuang Bus Co., Ltd.'}, 'OperatorCode': 'KuoKuangBus', 'OperatorNo': '1101'}]",021,010,"[{'SubRouteUID': 'ILA078901', 'SubRouteID': '078901', 'OperatorIDs': ['45'], 'SubRouteName': {'Zh_tw': '1789', 'En': '1789'}, 'Headsign': '宜蘭→大礁溪(經枕頭山)', 'HeadsignEn': 'Yilan→Jiaoxi(Via Jhentoushan)', 'Direction': 0}, {'SubRouteUID': 'ILA078902', 'SubRouteID': '078902', 'OperatorIDs': ['45'], 'SubRouteName': {'Zh_tw': '1789', 'En': '1789'}, 'Headsign': '大礁溪→宜蘭(經枕頭山)', 'HeadsignEn': 'Jiaoxi→Yilan(Via Jhentoushan)', 'Direction': 1}]",11,"{'Zh_tw': '1789', 'En': '1789'}",宜蘭轉運站,Yilan Transfer Station,大礁溪,Dajiaoxi,http://web.taiwanbus.tw/TMSData/Schematic/file/0789.jpg,YilanCounty,ILA,2023-07-13T07:38:39+08:00,1790
ILA0791,0791,True,"[{'OperatorID': '35', 'OperatorName': {'Zh_tw': '葛瑪蘭客運', 'En': 'Kamalan Bus Co., Ltd.'}, 'OperatorCode': 'KamalanBus', 'OperatorNo': '1308'}]",021,010,"[{'SubRouteUID': 'ILA079101', 'SubRouteID': '079101', 'OperatorIDs': ['35'], 'SubRouteName': {'Zh_tw': '791', 'En': '791'}, 'Headsign': '宜蘭火車站→城仔', 'HeadsignEn': 'Yilan Transfer Station→chengzi', 'Direction': 0}, {'SubRouteUID': 'ILA079102', 'SubRouteID': '079102', 'OperatorIDs': ['35'], 'SubRouteName': {'Zh_tw': '791', 'En': '791'}, 'Headsign': '城仔→宜蘭火車站', 'HeadsignEn': 'chengzi→Yilan Transfer Station', 'Direction': 1}]",11,"{'Zh_tw': '791', 'En': '791'}",宜蘭火車站(前站),Yilan Train Station(Front station),城仔,Chengzai,http://web.taiwanbus.tw/TMSData/Schematic/file/0791.jpg,YilanCounty,ILA,2023-07-13T07:38:39+08:00,1790
ILA0793,0793,True,"[{'OperatorID': '35', 'OperatorName': {'Zh_tw': '葛瑪蘭客運', 'En': 'Kamalan Bus Co., Ltd.'}, 'OperatorCode': 'KamalanBus', 'OperatorNo': '1308'}]",021,010,"[{'SubRouteUID': 'ILA079301', 'SubRouteID': '079301', 'OperatorIDs': ['35'], 'SubRouteName': {'Zh_tw': '793', 'En': '793'}, 'Headsign': '宜蘭轉運站→永鎮廟', 'HeadsignEn': 'Yilan Transfer Station －Yongzhen Temple', 'Direction': 0}, {'SubRouteUID': 'ILA079302', 'SubRouteID': '079302', 'OperatorIDs': ['35'], 'SubRouteName': {'Zh_tw': '793', 'En': '793'}, 'Headsign': '永鎮廟→宜蘭轉運站', 'HeadsignEn': 'Yongzhen Temple－Yilan Transfer Station', 'Direction': 1}]",11,"{'Zh_tw': '793', 'En': '793'}",宜蘭轉運站1,Yilan Transfer Station1,社頭,Shetou,http://web.taiwanbus.tw/TMSData/Schematic/file/0793.jpg,YilanCounty,ILA,2023-07-13T07:38:39+08:00,1790
ILA0888,0888,True,"[{'OperatorID': '68', 'OperatorName': {'Zh_tw': '大都會客運', 'En': 'Metropolitan Bus Co., Ltd.'}, 'OperatorCode': 'MetropolitanBus', 'OperatorNo': '0303'}]",021,010,"[{'SubRouteUID': 'ILA088801', 'SubRouteID': '088801', 'OperatorIDs': ['68'], 'SubRouteName': {'Zh_tw': '121', 'En': '121'}, 'Headsign': '蘇澳車站→南方澳→羅東轉運站', 'HeadsignEn': 'Suao Transit Station→Nanfangao→Luodong Bus Station', 'Direction': 0}, {'SubRouteUID': 'ILA088802', 'SubRouteID': '088802', 'OperatorIDs': ['68'], 'SubRouteName': {'Zh_tw': '121', 'En': '121'}, 'Headsign': '羅東轉運站→南方澳→蘇澳車站', 'HeadsignEn': 'Luodong Bus Station→Nanfangao→Suao Transit Station', 'Direction': 1}]",11,"{'Zh_tw': '121', 'En': '121'}",蘇澳轉運站,Su'ao Transit Station,羅東轉運站,Luodong Bus Station,http://web.taiwanbus.tw/TMSData/Schematic/file/0888.jpg,YilanCounty,ILA,2023-07-13T07:38:39+08:00,1790
